C8:08:73:3D:15:28,-58,50,0
C8:08:73:3D:15:28,-65,100,50
C8:08:73:3D:15:28,-54,50,5
C8:08:73:3D:15:28,-81,125,25
C8:08:73:3D:15:28,-77,50,50
C8:08:73:3D:13:2C,-38,50,50
C8:08:73:3D:13:2C,-38,60,35
C8:08:73:3D:13:2C,-83,50,0
C8:08:73:3D:13:2C,-78,90,10
C8:08:73:3D:13:2C,-81,0,5
C8:08:73:3D:13:2C,-73,5,5
C8:08:73:3D:13:2C,-75,25,25
C8:08:73:3D:13:2C,-70,50,50
C8:08:73:3D:13:2C,-74,100,50
C8:08:73:3D:13:2C,-79,125,25
C8:08:73:3D:13:2C,-66,35,30
C8:08:73:3D:13:2C,-72,35,30
C8:08:73:3D:13:18,-39,100,25
C8:08:73:3D:13:18,-85,50,50
C8:08:73:3D:13:28,-50,50,50
C8:08:73:3D:13:28,-50,75,50
C8:08:73:3D:13:28,-78,100,50
C8:08:73:3D:13:1C,-78,50,50
C8:08:73:3D:13:1C,-76,50,0
C8:08:73:3D:13:1C,-61,125,25
C8:08:73:3D:13:1C,-77,140,45
C8:08:73:3D:13:1C,-83,150,50
C8:08:73:3D:13:1C,-78,50,50
C8:08:73:3D:13:1C,-87,100,50
C8:08:73:3D:13:1C,-76,140,40
C8:08:73:3D:13:1C,-82,135,35
C8:08:73:3D:13:1C,-69,100,0
C8:08:73:3D:13:1C,-65,75,0
C8:08:73:3D:13:1C,-87,25,0 
C8:08:73:3D:15:2C,-56,50,50
C8:08:73:3D:15:2C,-77,90,10
C8:08:73:3D:15:2C,-84,0,5
C8:08:73:3D:15:2C,-86,50,45
C8:08:73:3D:15:2C,-60,50,10
C8:08:73:3D:15:2C,-84,25,25
C8:08:73:3D:15:2C,-84,35,30
18:7C:0B:0F:34:BC,-74,0,5
18:7C:0B:0F:34:BC,-70,10,10
18:7C:0B:0F:34:BC,-84,25,250
18:7C:0B:0F:34:BC,-67,25,0 
18:7C:0B:0F:34:BC,-72,0,0 
18:7C:0B:0F:34:BC,-73,25,25
18:7C:0B:0E:5C:8C,-70,125,25
18:7C:0B:0E:5C:8C,-77,140,40
18:7C:0B:0E:5C:8C,-81,140,40
18:7C:0B:0E:5C:8C,-82,135,35
18:7C:0B:0E:5C:8C,-79,100,0
18:7C:0B:0E:5C:5C,-73,125,25
18:7C:0B:0E:5C:5C,-72,140,40
18:7C:0B:0E:5C:5C,-79,150,50 
18:7C:0B:0E:5C:5C,-75,140,40
18:7C:0B:0E:5C:5C,-77,135,35
18:7C:0B:0E:5C:5C,-79,100,0
18:7C:0B:0E:5C:5C,-83,75,0
18:7C:0B:0E:99:4C,-80,140,40
18:7C:0B:0E:99:4C,-74,150,50
18:7C:0B:0E:99:4C,-85,100,50
18:7C:0B:0E:99:4C,-81,120,50
18:7C:0B:0E:99:4C,-74,140,40
18:7C:0B:0E:99:4C,-82,135,35
18:7C:0B:0E:99:4C,-84,100,0 
18:7C:0B:0E:49:08,-80,150,50
18:7C:0B:0E:49:0C,-75,150,50
18:7C:0B:0E:49:0C,-77,140,40
18:7C:0B:0D:FA:2C,-78,150,50
18:7C:0B:0D:FA:2C,-77,140,40
18:7C:0B:0D:FA:2C,-76,135,35
18:7C:0B:0D:FA:2C,-71,100,0 
18:7C:0B:0D:FA:2C,-65,75,0
18:7C:0B:0D:FA:2C,-73,0,0 
18:7C:0B:0D:FA:2C,-75,35,35
5C:DF:89:3B:45:AC,-77,100,50
5C:DF:89:3B:45:AC,-66,150,50
5C:DF:89:3B:45:AC,-70,100,50
5C:DF:89:3B:45:AC,-64,150,50 
5C:DF:89:3B:45:AC,-78,140,40
5C:DF:89:3B:45:AC,-76,75,0 
5C:DF:89:7B:45:AC,-77,100,50
5C:DF:89:7B:45:AC,-68,150,5
5C:DF:89:7B:45:AC,-70,100,50 
5C:DF:89:7B:45:AC,-64,100,50 
5C:DF:89:7B:45:AC,-77,75,0 
46:E6:CD:DF:EC:49,-28,50,50
46:E6:CD:DF:EC:49,-54,25,25
46:E6:CD:DF:EC:49,-66,0,0
18:7C:0B:0F:34:B8,-76,0,0